# TimeStep	Observable
0	-0.008851
1	0.014266
2	0.000545
3	0.021815
4	0.005074
5	-0.006593
6	-0.014155
7	-0.005906
8	0.011765
9	-0.018252
10	-0.006602
11	-0.021470
12	-0.000235
13	-0.000229
14	-0.004521
15	0.019130
16	0.008063
17	-0.002750
18	-0.000684
19	0.008284
20	-0.006240
21	0.010255
22	0.003678
23	-0.020021
24	-0.013627
25	0.000702
26	0.012528
27	-0.000644
28	0.010056
29	0.008618
30	0.024215
31	0.021141
32	-0.001171
33	-0.000061
34	0.006071
35	-0.023782
36	0.006688
37	0.011497
38	0.033714
39	-0.031770
40	0.002577
41	-0.004357
42	-0.010177
43	-0.010994
44	0.004743
45	0.005054
46	0.011428
47	0.000239
48	0.013828
49	0.012896
50	0.007493
51	0.012501
52	0.005490
53	-0.011533
54	-0.002960
55	-0.000535
56	-0.004263
57	0.008817
58	0.002932
59	0.023250
60	-0.008763
61	-0.018439
62	0.010436
63	-0.036944
64	-0.002205
65	-0.035242
66	0.004605
67	0.019528
68	-0.005553
69	-0.023131
70	-0.000758
71	0.025321
72	-0.009667
73	0.015239
74	0.017366
75	-0.035727
76	-0.000135
77	0.009963
78	0.011629
79	0.019083
80	0.005677
81	0.008150
82	0.002428
83	0.019872
84	0.004294
85	0.007424
86	0.003627
87	0.006860
88	0.011515
89	0.011009
90	-0.029739
91	-0.005741
92	0.001354
93	-0.005781
94	-0.013967
95	0.021268
96	0.006041
97	0.001070
98	-0.004396
99	-0.008732
100	0.002430
101	0.008429
102	-0.008177
103	-0.030730
104	0.015977
105	0.018199
106	0.000433
107	-0.022994
108	0.013991
109	0.006414
110	-0.003523
111	0.014759
112	0.026926
113	-0.004762
114	0.011284
115	0.016741
116	-0.007199
117	0.000643
118	0.005265
119	-0.011589
120	0.000918
121	-0.006216
122	0.007421
123	-0.003003
124	-0.017458
125	0.003067
126	-0.002829
127	0.014391
128	-0.005034
129	-0.007741
130	-0.007534
131	0.005052
132	0.010538
133	-0.000335
134	0.008500
135	0.004597
136	-0.018739
137	0.020850
138	0.028209
139	-0.022596
140	-0.017401
141	-0.014585
142	0.005123
143	-0.004619
144	0.009845
145	0.003316
146	0.012526
147	-0.002866
148	0.003907
149	-0.007557
150	0.030199
151	-0.008565
152	-0.027211
153	-0.018724
154	0.005434
155	-0.017255
156	0.002784
157	-0.006198
158	0.000120
159	-0.002921
160	0.009129
161	0.000444
162	-0.001175
163	0.021076
164	-0.002497
165	0.023496
166	0.014471
167	0.001743
168	-0.011614
169	-0.015409
170	0.012549
171	0.009060
172	-0.006658
173	-0.010153
174	0.022598
175	0.018628
176	0.002704
177	0.006541
178	-0.013580
179	0.000605
180	-0.008050
181	-0.006235
182	-0.011639
183	-0.005604
184	0.005137
185	-0.010128
186	-0.008406
187	0.013598
188	0.015187
189	-0.006494
190	0.016247
191	-0.008608
192	0.013377
193	-0.000924
194	-0.006841
195	-0.002005
196	0.031427
197	-0.015994
198	0.007659
199	0.018722
200	0.012920
201	-0.027696
202	-0.023251
203	-0.024886
204	0.009429
205	0.000458
206	0.009554
207	-0.003914
208	-0.003025
209	0.025032
210	-0.018942
211	-0.025476
212	-0.018118
213	0.002819
214	-0.006497
215	0.008936
216	0.012993
217	0.015719
218	0.024700
219	-0.022797
220	-0.002635
221	0.002388
222	0.001928
223	-0.016542
224	-0.013957
225	0.018076
226	0.007347
227	-0.022934
228	0.010337
229	-0.003168
230	-0.018624
231	0.005657
232	-0.007833
233	0.003864
234	-0.005441
235	-0.022713
236	0.013996
237	0.007470
238	0.006881
239	0.006618
240	0.007152
241	0.011045
242	-0.003019
243	-0.013539
244	0.000551
245	0.015334
246	-0.011130
247	-0.010731
248	-0.029335
249	0.030062
250	0.001976
251	0.005407
252	-0.017712
253	0.005571
254	0.013616
255	0.018045
256	0.003070
257	0.005287
258	-0.034911
259	0.001934
260	0.019868
261	-0.019489
262	0.007094
263	-0.007557
264	0.003810
265	-0.004005
266	0.016473
267	0.012220
268	-0.013224
269	-0.023352
270	-0.012168
271	0.008205
272	-0.011120
273	0.006015
274	-0.003239
275	0.002384
276	0.003767
277	0.008516
278	-0.003770
279	0.017768
280	-0.003687
281	0.037417
282	-0.017779
283	0.013182
284	0.024240
285	-0.009637
286	0.026830
287	0.011829
288	-0.003871
289	0.007943
290	0.034020
291	-0.014603
292	0.003528
293	-0.000860
294	0.001572
295	-0.004692
296	0.004120
297	0.015981
298	0.000241
299	0.009035
300	0.004980
301	-0.003657
302	0.007631
303	-0.015096
304	0.001816
305	0.002023
306	-0.008967
307	0.016764
308	-0.015584
309	0.003993
310	-0.017168
311	-0.009870
312	0.034402
313	0.003240
314	-0.021323
315	0.002363
316	-0.004897
317	0.021988
318	-0.002209
319	0.011706
320	-0.017192
321	0.001219
322	0.000048
323	-0.009274
324	0.020759
325	0.036673
326	-0.006143
327	-0.021639
328	0.026126
329	-0.012794
330	-0.003489
331	0.006008
332	0.008955
333	0.001807
334	-0.001236
335	-0.002464
336	-0.018782
337	0.017939
338	-0.003584
339	0.017964
340	-0.029420
341	-0.016011
342	0.006796
343	0.001651
344	-0.010256
345	0.027445
346	-0.007155
347	-0.011320
348	-0.012649
349	0.005066
350	-0.013141
351	-0.015580
352	-0.014367
353	-0.000919
354	0.020550
355	0.003180
356	0.003257
357	0.009245
358	-0.001668
359	0.002306
360	0.022924
361	-0.026470
362	-0.015565
363	0.007697
364	0.013584
365	-0.001955
366	-0.013983
367	0.005740
368	0.032028
369	0.004130
370	0.011070
371	0.008648
372	-0.007698
373	0.006359
374	-0.011887
375	0.017002
376	0.005548
377	-0.005823
378	-0.001257
379	0.008683
380	-0.020754
381	0.003973
382	0.007552
383	-0.014519
384	-0.006988
385	-0.003314
386	0.003508
387	-0.022572
388	-0.001152
389	-0.010717
390	-0.016324
391	-0.024209
392	-0.020773
393	-0.028362
394	0.013601
395	0.012257
396	-0.019520
397	-0.002618
398	-0.005343
399	0.011587
400	0.004509
401	0.003335
402	-0.007464
403	0.003761
404	0.015756
405	-0.003611
406	-0.009527
407	0.023540
408	-0.001606
409	-0.002712
410	-0.005816
411	-0.003043
412	-0.002001
413	-0.011872
414	-0.000916
415	-0.005260
416	0.006345
417	0.001071
418	0.012428
419	0.006812
420	-0.004271
421	0.013254
422	-0.009558
423	0.030293
424	0.000271
425	-0.007534
426	0.022961
427	0.009950
428	0.010919
429	-0.003153
430	0.000247
431	-0.005932
432	0.014427
433	-0.012192
434	-0.009020
435	-0.007892
436	0.009604
437	-0.033961
438	0.020104
439	0.008362
440	-0.004241
441	0.035567
442	-0.003876
443	0.003992
444	0.006301
445	-0.015964
446	0.022425
447	-0.003232
448	0.005655
449	-0.043625
450	-0.008514
451	0.011722
452	0.011033
453	-0.009577
454	-0.001775
455	-0.006654
456	0.024170
457	-0.017206
458	0.002733
459	0.003157
460	0.025316
461	-0.031103
462	-0.007607
463	0.007179
464	0.007968
465	0.020240
466	0.012513
467	0.013557
468	0.010720
469	0.026418
470	-0.000492
471	0.004713
472	0.014073
473	-0.017201
474	0.017103
475	0.007947
476	-0.001505
477	-0.026493
478	0.019754
479	-0.007727
480	0.002139
481	-0.002333
482	-0.031026
483	-0.006605
484	-0.010924
485	0.007794
486	0.008870
487	0.005238
488	-0.012453
489	0.003822
490	0.003796
491	-0.006209
492	-0.016104
493	-0.008114
494	-0.010113
495	0.010197
496	-0.015338
497	0.003964
498	0.002238
499	0.007069
500	-0.011238
501	0.010883
502	-0.007743
503	-0.011116
504	0.002463
505	0.008143
506	-0.020870
507	-0.009036
508	-0.001599
509	0.006201
510	-0.012125
511	0.016176
512	-0.006390
513	0.006104
514	-0.004822
515	-0.011622
516	-0.025461
517	0.016054
518	0.001188
519	-0.016083
520	-0.016634
521	-0.000374
522	0.015418
523	0.017383
524	-0.009794
525	0.001664
526	0.034146
527	-0.018171
528	0.008208
529	0.015812
530	0.012812
531	0.015785
532	-0.010318
533	0.007165
534	-0.035714
535	0.000016
536	0.030690
537	-0.013760
538	-0.004709
539	-0.010572
540	0.001425
541	-0.018562
542	-0.033242
543	-0.019834
544	-0.008820
545	-0.015310
546	-0.006741
547	-0.007024
548	0.001638
549	-0.008874
550	0.027264
551	-0.013187
552	-0.007141
553	-0.006833
554	-0.013543
555	-0.001095
556	0.008022
557	-0.025330
558	-0.036556
559	-0.009878
560	0.000760
561	0.027246
562	0.025305
563	0.021729
564	-0.007576
565	-0.016168
566	-0.012713
567	0.021518
568	0.022724
569	0.021309
570	-0.017850
571	0.017875
572	0.001564
573	-0.017379
574	0.006703
575	0.005002
576	-0.008823
577	0.012847
578	0.042212
579	0.005220
580	-0.019798
581	0.025632
582	-0.001748
583	-0.011618
584	-0.010269
585	-0.014197
586	-0.001900
587	-0.020627
588	-0.003627
589	0.002265
590	0.002869
591	-0.004174
592	-0.022365
593	0.000212
594	-0.011016
595	0.008072
596	0.009689
597	0.005070
598	-0.004601
599	-0.011043
600	0.004843
601	0.024247
602	-0.010911
603	-0.007584
604	-0.010580
605	-0.007157
606	-0.026682
607	0.015810
608	-0.013147
609	0.002855
610	-0.023290
611	0.008481
612	-0.002478
613	-0.005380
614	-0.031024
615	-0.013413
616	-0.018445
617	0.009040
618	-0.004414
619	0.001123
620	-0.007928
621	0.005270
622	0.000669
623	0.008209
624	-0.019178
625	-0.009109
626	0.017552
627	0.004534
628	-0.008808
629	-0.006750
630	0.030581
631	0.001221
632	0.004359
633	0.004477
634	-0.009382
635	0.007505
636	-0.002808
637	-0.000783
638	0.013185
639	-0.020993
640	-0.000949
641	0.007363
642	-0.022235
643	0.014540
644	0.004829
645	0.005709
646	0.035319
647	0.004006
648	-0.021711
649	0.009731
650	-0.011773
651	-0.015602
652	0.025106
653	-0.014933
654	0.006793
655	0.017353
656	-0.018994
657	0.029423
658	0.012119
659	-0.010229
660	0.013732
661	-0.000826
662	0.026872
663	-0.002661
664	0.006458
665	-0.011035
666	-0.001191
667	0.006555
668	-0.011333
669	-0.007964
670	0.004945
671	0.001493
672	-0.020196
673	-0.020501
674	-0.001901
675	-0.006487
676	-0.005830
677	0.007716
678	0.004799
679	-0.007869
680	-0.005435
681	0.012592
682	0.009544
683	-0.000456
684	0.003605
685	0.005316
686	0.004087
687	0.016588
688	-0.008058
689	-0.002116
690	0.002134
691	-0.013347
692	0.019063
693	0.020243
694	-0.013416
695	-0.004375
696	-0.012888
697	-0.024362
698	0.010415
699	-0.003838
700	-0.000008
701	0.000746
702	-0.003297
703	-0.015672
704	0.015846
705	-0.012160
706	0.019323
707	0.006816
708	-0.014609
709	-0.002455
710	-0.001253
711	0.002903
712	0.006390
713	-0.002392
714	-0.002447
715	-0.000635
716	-0.004092
717	0.009361
718	-0.014430
719	0.003696
720	0.008834
721	0.010083
722	-0.003067
723	0.011960
724	0.006374
725	0.003439
726	-0.021254
727	-0.001446
728	0.004691
729	-0.027791
730	-0.007328
731	0.019990
732	-0.005127
733	-0.005345
734	0.012465
735	-0.006731
736	0.026349
737	-0.017099
738	0.000775
739	0.004901
740	-0.006287
741	0.011477
742	-0.010802
743	0.001113
744	-0.008643
745	-0.003361
746	0.004265
747	0.005617
748	0.002450
749	-0.003285
750	-0.013726
751	-0.007870
752	0.001310
753	-0.011102
754	0.013870
755	-0.013815
756	0.007832
757	-0.016765
758	-0.003465
759	0.022220
760	0.015721
761	0.006994
762	0.001280
763	0.014277
764	0.038658
765	-0.022665
766	-0.006998
767	0.008850
768	-0.004496
769	-0.004297
770	0.008641
771	-0.005368
772	0.003360
773	0.004232
774	-0.003443
775	0.017912
776	-0.026170
777	0.027879
778	-0.001634
779	0.004564
780	0.012942
781	0.005751
782	0.008107
783	0.000798
784	-0.000644
785	0.016687
786	-0.019476
787	-0.007258
788	-0.013401
789	-0.015754
790	0.009980
791	-0.003420
792	-0.014686
793	0.003265
794	0.024285
795	0.025241
796	0.001994
797	-0.002557
798	0.015350
799	-0.026316
800	-0.015621
801	0.016351
802	0.002178
803	0.020895
804	0.013963
805	-0.024241
806	0.005123
807	-0.023141
808	-0.019750
809	-0.002543
810	0.027130
811	0.006183
812	-0.022848
813	0.003119
814	-0.019055
815	0.018296
816	0.008958
817	-0.002072
818	-0.008440
819	0.020745
820	-0.010749
821	0.000494
822	-0.005709
823	0.003349
824	-0.005264
825	0.002003
826	0.008747
827	0.006246
828	-0.003560
829	-0.008655
830	0.015114
831	-0.005581
832	0.011350
833	-0.008571
834	-0.015455
835	0.023171
836	0.004019
837	-0.023180
838	0.018983
839	-0.008926
840	-0.000776
841	-0.005371
842	-0.007334
843	-0.010353
844	0.001663
845	-0.004324
846	-0.009698
847	-0.009747
848	0.004028
849	0.007600
850	-0.008492
851	-0.005580
852	0.008422
853	0.006297
854	0.019694
855	0.000734
856	-0.016498
857	0.011776
858	-0.010144
859	-0.015780
860	-0.003307
861	0.030770
862	-0.025370
863	0.010475
864	0.008636
865	-0.026116
866	0.015464
867	0.009328
868	0.006786
869	-0.014575
870	-0.013303
871	-0.034000
872	0.013165
873	0.003570
874	0.004708
875	-0.003088
876	0.003628
877	-0.007387
878	-0.006845
879	0.003614
880	-0.003973
881	-0.003531
882	-0.001376
883	-0.027654
884	-0.007811
885	0.026905
886	-0.004696
887	-0.006057
888	0.032535
889	-0.013401
890	0.006723
891	-0.002923
892	0.005396
893	-0.023941
894	-0.000611
895	0.009992
896	0.015785
897	-0.026670
898	-0.025056
899	0.016754
900	-0.011534
901	-0.011479
902	-0.010969
903	0.019166
904	0.014903
905	-0.011425
906	0.010405
907	0.008784
908	0.017357
909	0.007637
910	0.006960
911	-0.005099
912	0.005683
913	0.005518
914	0.009831
915	-0.005964
916	-0.007533
917	-0.025272
918	0.014186
919	-0.006268
920	0.010167
921	0.014200
922	0.022851
923	-0.026115
924	0.001248
925	-0.013989
926	-0.017132
927	0.007625
928	0.009043
929	0.005719
930	0.006382
931	0.018277
932	0.001935
933	0.016058
934	0.012511
935	-0.009776
936	-0.004474
937	-0.017789
938	0.006263
939	-0.000736
940	-0.032528
941	0.038288
942	-0.008346
943	-0.010854
944	0.030370
945	-0.006026
946	-0.010981
947	-0.009856
948	-0.032613
949	-0.003544
950	0.002784
951	-0.000401
952	-0.009210
953	-0.016649
954	-0.006707
955	-0.003270
956	-0.018390
957	0.005555
958	-0.002661
959	-0.019142
960	0.014452
961	-0.009936
962	-0.007432
963	-0.011573
964	0.004005
965	0.003095
966	-0.022902
967	0.022278
968	-0.004756
969	0.009133
970	0.021185
971	-0.001271
972	0.003160
973	0.013122
974	0.006178
975	0.028056
976	-0.023614
977	-0.005029
978	-0.002793
979	0.016472
980	-0.011702
981	0.013264
982	-0.003756
983	-0.035511
984	0.000478
985	-0.011343
986	-0.007008
987	0.009826
988	-0.007080
989	-0.010169
990	0.011137
991	-0.014783
992	-0.007409
993	-0.009061
994	0.001802
995	0.016622
996	-0.015702
997	0.013405
998	-0.004898
999	0.014002
