# TimeStep	Observable
0	0.005529
1	-0.020850
2	-0.001989
3	0.003412
4	0.006016
5	-0.012560
6	-0.014951
7	0.002897
8	-0.004630
9	0.009280
10	0.045921
11	-0.005263
12	-0.014060
13	-0.004834
14	-0.005947
15	-0.009960
16	-0.016444
17	-0.017628
18	0.027604
19	0.009849
20	0.015598
21	0.010549
22	0.003085
23	-0.011259
24	0.015588
25	-0.021341
26	0.016641
27	0.023006
28	-0.011387
29	-0.000629
30	0.004348
31	0.018226
32	0.014106
33	-0.010413
34	-0.023388
35	0.007838
36	-0.009457
37	-0.003684
38	-0.018007
39	-0.017853
40	0.012093
41	-0.030296
42	-0.006685
43	0.018405
44	-0.019351
45	0.015006
46	-0.011779
47	-0.008887
48	0.002091
49	-0.018040
50	0.024543
51	0.011887
52	-0.003069
53	0.010657
54	-0.008167
55	-0.013889
56	-0.000818
57	-0.003152
58	-0.013411
59	-0.009634
60	-0.009814
61	-0.012276
62	-0.003092
63	0.014493
64	0.000338
65	-0.000645
66	-0.026445
67	0.017350
68	0.029311
69	0.015455
70	0.010956
71	0.008582
72	0.005628
73	-0.008140
74	-0.013473
75	0.010766
76	-0.000557
77	0.005481
78	0.005937
79	-0.019791
80	-0.029456
81	0.000992
82	0.024142
83	0.022439
84	-0.015537
85	0.014255
86	-0.001669
87	0.009413
88	-0.002021
89	-0.007816
90	-0.003907
91	-0.000203
92	0.003702
93	0.007531
94	0.007011
95	0.003756
96	-0.005787
97	0.013909
98	0.018294
99	-0.009817
100	0.016560
101	-0.016100
102	-0.021132
103	0.008069
104	0.030064
105	-0.001764
106	0.006140
107	-0.006167
108	-0.003846
109	-0.007726
110	-0.007201
111	-0.000213
112	0.013179
113	-0.012454
114	0.004725
115	0.006692
116	0.009893
117	-0.015183
118	-0.004445
119	0.003347
120	-0.019261
121	0.005823
122	0.006273
123	-0.027385
124	0.019619
125	-0.016727
126	-0.001549
127	0.021260
128	-0.012972
129	0.007314
130	-0.027519
131	-0.003772
132	0.003569
133	-0.028651
134	0.009992
135	0.024467
136	0.018640
137	0.026490
138	-0.018008
139	-0.017343
140	-0.004345
141	0.000765
142	0.011911
143	-0.005979
144	-0.008580
145	-0.009949
146	-0.018475
147	0.006303
148	-0.015479
149	0.008357
150	-0.039301
151	-0.006030
152	0.007880
153	-0.012974
154	-0.010340
155	-0.016711
156	-0.014545
157	-0.011312
158	0.010948
159	-0.021638
160	0.006204
161	-0.018901
162	-0.018539
163	0.021574
164	0.004985
165	0.003364
166	0.004896
167	0.025529
168	-0.016175
169	0.002347
170	-0.014183
171	-0.031850
172	-0.028889
173	0.018882
174	-0.004277
175	-0.030254
176	-0.007163
177	0.002732
178	-0.027168
179	0.012027
180	-0.006910
181	-0.003817
182	-0.001949
183	-0.012741
184	0.019254
185	0.009636
186	-0.018460
187	0.016786
188	0.000817
189	0.012137
190	-0.030289
191	0.010403
192	0.011400
193	0.038052
194	0.000444
195	-0.002019
196	-0.009943
197	0.013941
198	-0.004213
199	-0.014435
200	0.011905
201	-0.011783
202	0.006881
203	0.019429
204	0.018678
205	-0.007913
206	-0.005194
207	-0.007716
208	0.014884
209	-0.033900
210	-0.002888
211	-0.022160
212	0.009130
213	0.006486
214	-0.004364
215	-0.010217
216	-0.010709
217	-0.018735
218	0.011207
219	-0.010150
220	-0.004711
221	0.002178
222	0.001807
223	0.002219
224	0.010059
225	-0.001969
226	0.013807
227	-0.002484
228	0.014486
229	0.008563
230	-0.015837
231	-0.005743
232	-0.012101
233	-0.034016
234	0.005801
235	0.014930
236	0.010761
237	-0.021354
238	-0.023764
239	0.009351
240	-0.024139
241	-0.009046
242	-0.006156
243	-0.016131
244	-0.002719
245	-0.007785
246	0.002694
247	-0.007895
248	0.004066
249	-0.006495
250	0.011365
251	0.009955
252	-0.026688
253	-0.010513
254	-0.020824
255	0.030274
256	-0.004218
257	-0.001032
258	0.004445
259	0.021782
260	-0.015141
261	-0.004650
262	-0.016142
263	0.025602
264	-0.013771
265	-0.014540
266	0.018502
267	-0.005340
268	0.030907
269	-0.011372
270	0.010284
271	0.010364
272	0.001369
273	0.012091
274	0.002875
275	0.007832
276	0.009155
277	-0.025488
278	-0.014865
279	-0.006166
280	0.005700
281	0.001859
282	0.005545
283	-0.000817
284	0.013163
285	-0.001242
286	-0.006451
287	-0.004598
288	-0.000136
289	-0.000910
290	-0.019331
291	0.016119
292	-0.016353
293	0.019041
294	0.011756
295	-0.014038
296	0.019322
297	-0.011763
298	-0.013220
299	-0.002071
300	-0.006842
301	-0.003478
302	-0.006306
303	-0.010237
304	0.007877
305	0.013206
306	-0.009186
307	0.005339
308	0.008061
309	0.002923
310	-0.036077
311	0.000486
312	0.015211
313	-0.010327
314	-0.001076
315	0.018423
316	-0.014496
317	-0.018651
318	-0.010567
319	0.009261
320	-0.011655
321	-0.002072
322	-0.018478
323	-0.002870
324	0.007689
325	0.003892
326	-0.019948
327	-0.021164
328	-0.019939
329	-0.003562
330	-0.014275
331	-0.013195
332	-0.018352
333	-0.007685
334	0.011950
335	-0.007529
336	-0.011409
337	0.017336
338	-0.025245
339	-0.008346
340	-0.032006
341	0.016688
342	-0.028378
343	-0.003699
344	0.024438
345	-0.007841
346	-0.009354
347	-0.012259
348	0.017732
349	0.000383
350	0.010258
351	-0.014314
352	0.019146
353	-0.003924
354	0.001700
355	0.017591
356	-0.005297
357	0.009425
358	-0.004675
359	-0.008251
360	0.019404
361	0.010380
362	-0.016953
363	-0.017314
364	0.008846
365	0.010656
366	0.013129
367	-0.037521
368	-0.026506
369	0.024808
370	0.025479
371	-0.003629
372	0.013094
373	-0.012132
374	-0.009324
375	0.004391
376	-0.008673
377	0.009602
378	-0.001800
379	0.013364
380	0.010819
381	-0.003155
382	0.014463
383	-0.011639
384	-0.004949
385	0.000410
386	0.012770
387	0.014391
388	0.008309
389	-0.005158
390	-0.000208
391	-0.002331
392	-0.004423
393	0.022475
394	0.003865
395	-0.023819
396	-0.004211
397	-0.012683
398	0.007299
399	0.004384
400	-0.005326
401	-0.006565
402	-0.001586
403	-0.003374
404	-0.013165
405	-0.010986
406	-0.005187
407	-0.004936
408	-0.008934
409	0.017292
410	0.026480
411	0.021768
412	0.009121
413	-0.008539
414	0.004400
415	0.013725
416	0.017560
417	0.007726
418	-0.001358
419	-0.018875
420	-0.004154
421	-0.003795
422	0.003563
423	0.000032
424	-0.020800
425	-0.015346
426	-0.006126
427	0.011511
428	0.004256
429	-0.014272
430	-0.003444
431	0.019092
432	0.001196
433	0.017901
434	-0.012814
435	0.000885
436	-0.002401
437	-0.014781
438	0.021477
439	-0.007312
440	-0.016599
441	-0.005820
442	0.015176
443	0.003864
444	-0.004238
445	-0.002370
446	-0.009156
447	0.000667
448	0.001876
449	-0.019985
450	0.003456
451	-0.041783
452	-0.014408
453	-0.017841
454	0.018894
455	0.011785
456	-0.005941
457	-0.020175
458	0.000048
459	-0.006174
460	0.016712
461	0.018724
462	0.011479
463	0.017818
464	0.010300
465	-0.014084
466	0.007127
467	0.029686
468	0.011896
469	0.013248
470	0.013694
471	0.013470
472	0.025175
473	-0.014030
474	-0.001812
475	-0.057134
476	-0.006698
477	0.001580
478	-0.007202
479	0.020734
480	-0.014223
481	-0.012806
482	0.033656
483	-0.005435
484	-0.004349
485	0.005225
486	0.003240
487	-0.012343
488	0.009046
489	-0.005690
490	0.019527
491	0.010716
492	-0.015093
493	0.008186
494	0.029689
495	-0.003980
496	-0.009335
497	-0.004797
498	0.027364
499	0.018008
500	0.004302
501	0.006933
502	-0.018640
503	0.007547
504	-0.005860
505	0.016615
506	-0.004810
507	0.015640
508	-0.002244
509	0.009493
510	0.009223
511	0.011356
512	-0.001358
513	-0.017504
514	0.004800
515	0.000939
516	-0.012396
517	0.044549
518	0.014151
519	0.011450
520	0.009764
521	-0.004892
522	0.020538
523	-0.007369
524	-0.007120
525	0.004332
526	0.008395
527	-0.021791
528	-0.011595
529	0.006469
530	-0.001560
531	-0.011133
532	0.004654
533	-0.019362
534	0.011253
535	0.019539
536	0.008416
537	-0.000414
538	0.016615
539	-0.012600
540	-0.024528
541	-0.019190
542	-0.010749
543	-0.019447
544	-0.016204
545	-0.009567
546	-0.010143
547	-0.001786
548	0.001454
549	-0.010176
550	0.008359
551	0.019457
552	0.007632
553	0.016264
554	0.018575
555	-0.004814
556	-0.005545
557	-0.006750
558	0.014364
559	0.023506
560	-0.000285
561	-0.018663
562	0.004338
563	0.022488
564	-0.016353
565	-0.045050
566	-0.008459
567	0.015031
568	-0.026574
569	-0.020443
570	0.036383
571	-0.002538
572	-0.005234
573	-0.013572
574	0.010893
575	0.002150
576	0.033808
577	0.025966
578	-0.009695
579	-0.020177
580	0.010762
581	-0.010507
582	-0.036805
583	-0.002364
584	-0.010298
585	-0.013872
586	0.012592
587	-0.015229
588	0.000551
589	0.019979
590	-0.001209
591	-0.017101
592	0.006402
593	-0.009378
594	-0.004356
595	-0.003038
596	0.004421
597	-0.017720
598	0.011821
599	0.010587
600	0.006223
601	0.002651
602	-0.003354
603	-0.021556
604	0.018590
605	0.010281
606	0.017709
607	0.013885
608	-0.008011
609	-0.004629
610	-0.007572
611	-0.004416
612	-0.003464
613	-0.028429
614	-0.005819
615	0.004220
616	0.009390
617	-0.005937
618	0.018333
619	-0.013871
620	0.005879
621	0.003725
622	0.004987
623	0.017764
624	-0.020004
625	0.008145
626	0.007841
627	0.001864
628	0.018122
629	-0.012752
630	0.016679
631	-0.013912
632	0.012302
633	-0.001886
634	0.011833
635	-0.001642
636	-0.029876
637	-0.007248
638	0.005176
639	-0.012939
640	-0.020228
641	-0.011898
642	0.021152
643	0.009409
644	0.003582
645	0.025803
646	-0.000355
647	0.030744
648	0.005320
649	-0.004597
650	0.030608
651	-0.023248
652	-0.005789
653	-0.011344
654	-0.002211
655	0.018545
656	-0.005418
657	0.004008
658	0.012720
659	0.010270
660	0.016897
661	0.030490
662	-0.007971
663	0.006963
664	-0.009199
665	0.012169
666	0.009277
667	0.024682
668	-0.008197
669	-0.004154
670	0.017494
671	-0.004445
672	-0.027666
673	-0.022409
674	0.016705
675	0.001553
676	0.007875
677	-0.012641
678	-0.001538
679	0.013273
680	-0.016901
681	0.010783
682	0.029576
683	-0.011189
684	-0.022214
685	-0.009899
686	0.007621
687	0.025657
688	-0.034589
689	-0.000192
690	0.000639
691	0.013074
692	-0.012881
693	0.022816
694	0.009068
695	0.001210
696	0.005253
697	0.025832
698	-0.007604
699	0.011202
700	0.008904
701	0.034791
702	-0.008036
703	0.014089
704	-0.017450
705	0.007915
706	0.006030
707	-0.015473
708	0.010166
709	-0.000608
710	-0.007414
711	0.009724
712	0.003833
713	0.016757
714	-0.001149
715	-0.013165
716	0.004263
717	0.008312
718	-0.005181
719	0.009366
720	0.028060
721	0.007226
722	-0.038356
723	0.038171
724	-0.008109
725	0.012968
726	0.016625
727	0.014290
728	0.005163
729	0.004989
730	0.001959
731	-0.004071
732	0.015133
733	-0.003625
734	0.018091
735	0.007068
736	0.023461
737	-0.008518
738	0.023596
739	-0.017922
740	0.034298
741	-0.017272
742	0.010211
743	0.003360
744	-0.001345
745	0.017743
746	-0.010230
747	-0.016001
748	0.009956
749	-0.001238
750	0.006897
751	0.005833
752	-0.010504
753	0.001477
754	-0.002905
755	0.036326
756	-0.022235
757	-0.005469
758	-0.006230
759	0.016062
760	-0.012320
761	-0.020664
762	0.006757
763	0.029119
764	0.010978
765	-0.028180
766	-0.013208
767	-0.013861
768	-0.006703
769	0.023839
770	-0.011465
771	0.016866
772	0.002011
773	-0.012734
774	0.015698
775	-0.013959
776	0.014049
777	-0.020983
778	0.003970
779	-0.007696
780	0.006058
781	0.006701
782	-0.009057
783	-0.007001
784	-0.006320
785	0.023314
786	0.000985
787	0.002268
788	-0.006950
789	-0.008589
790	-0.015804
791	-0.026618
792	-0.003944
793	0.002685
794	0.007238
795	0.009636
796	-0.006762
797	-0.018311
798	-0.011564
799	-0.031000
800	0.004899
801	-0.019287
802	0.006594
803	-0.004016
804	0.000883
805	0.002396
806	-0.008473
807	-0.010415
808	-0.005284
809	0.014046
810	-0.007451
811	0.009615
812	0.007621
813	0.010367
814	-0.001610
815	-0.007408
816	-0.008778
817	-0.003906
818	0.007608
819	-0.007195
820	0.037143
821	-0.012602
822	-0.016554
823	-0.015518
824	0.004893
825	0.014960
826	-0.013388
827	0.019483
828	0.009719
829	-0.018256
830	-0.011598
831	0.000116
832	0.001817
833	-0.009357
834	-0.003466
835	0.015747
836	0.005694
837	0.006559
838	0.027440
839	-0.004817
840	-0.005323
841	0.026069
842	-0.015871
843	-0.021874
844	-0.016138
845	0.017225
846	0.001151
847	-0.004038
848	-0.000441
849	-0.022014
850	0.009392
851	-0.003629
852	-0.005831
853	-0.014760
854	-0.013548
855	0.006674
856	-0.003092
857	0.004615
858	0.013317
859	0.004311
860	-0.007426
861	-0.007185
862	-0.001404
863	0.004377
864	-0.004393
865	-0.004279
866	0.007950
867	0.005048
868	-0.014501
869	-0.015310
870	0.016526
871	0.008534
872	-0.009353
873	0.015887
874	-0.014330
875	0.005817
876	0.015510
877	-0.023353
878	0.011649
879	0.003574
880	-0.016867
881	-0.007024
882	-0.010057
883	-0.025050
884	-0.023551
885	-0.004007
886	0.022352
887	0.005827
888	-0.007342
889	0.014044
890	0.016693
891	-0.022068
892	-0.008804
893	0.010430
894	-0.017931
895	0.017995
896	-0.011354
897	-0.021983
898	-0.003547
899	0.028823
900	0.000355
901	0.030644
902	0.002946
903	-0.001929
904	-0.019551
905	0.023741
906	0.002064
907	0.002964
908	0.000297
909	0.024225
910	-0.009747
911	0.013753
912	0.015050
913	-0.014331
914	0.020176
915	0.002942
916	-0.005315
917	-0.004870
918	-0.007021
919	0.024617
920	-0.023848
921	0.008205
922	0.019101
923	0.012686
924	0.026703
925	0.007526
926	-0.012824
927	0.006038
928	-0.010159
929	0.015788
930	-0.024505
931	-0.000683
932	-0.010857
933	-0.012937
934	0.001784
935	-0.017538
936	-0.016431
937	-0.020456
938	0.011941
939	-0.010371
940	-0.031204
941	-0.001300
942	-0.002880
943	-0.023584
944	0.002700
945	0.012260
946	0.002802
947	0.008670
948	-0.016031
949	-0.004184
950	-0.011638
951	0.023050
952	-0.013012
953	0.002452
954	0.005907
955	-0.008035
956	0.000896
957	0.006088
958	-0.021776
959	0.001419
960	0.005317
961	0.001125
962	-0.011642
963	0.009496
964	-0.026596
965	-0.000806
966	-0.028951
967	0.007647
968	0.004670
969	-0.007969
970	-0.033899
971	0.012620
972	0.022665
973	0.020367
974	-0.005911
975	0.003783
976	-0.008764
977	0.002810
978	0.004590
979	0.000054
980	0.008937
981	-0.010231
982	-0.009790
983	0.004835
984	-0.010360
985	-0.011269
986	-0.011131
987	-0.007683
988	-0.005834
989	-0.013550
990	-0.007836
991	0.010976
992	0.002058
993	0.017988
994	0.000320
995	0.012554
996	-0.004843
997	0.005678
998	0.010686
999	-0.001244
